4.968 0
5.017 -38.67
5.066 -38.06
5.114 -34.9
5.162 -31.87
5.21 -30.46
5.259 -32.26
5.307 -34.79
5.355 -36.69
5.403 -37.31
5.452 -36.56
5.5 -35.61
5.548 -34.94
5.596 -34.18
5.644 -33.39
5.691 -33.33
5.739 -33.88
5.786 -34.55
5.833 -34.9
5.881 -34.42
5.928 -33.44
5.976 -32.8
6.023 -33.07
6.071 -34.62
6.118 -35.93
6.165 -36.16
6.212 -35.76
6.259 -34.54
6.305 -32.58
6.352 -31.12
6.399 -31.53
6.445 -32.24
6.492 -33.23
6.539 -34.22
6.585 -35.15
6.632 -35.95
6.679 -35.96
6.725 -34.97
6.771 -33.92
6.817 -33.97
6.863 -34.3
6.909 -33.7
6.955 -32.38
7.001 -31.46
7.047 -32.04
7.092 -32.88
7.138 -33.42
7.184 -33.76
7.23 -34.5
7.276 -35.35
7.321 -37.15
7.366 -37.1
7.412 -36.42
7.457 -35.11
7.502 -33.08
7.547 -31.44
7.592 -31.04
7.637 -32.05
7.683 -33.9
7.728 -35.23
7.773 -35.68
7.818 -35.74
7.863 -35.53
7.907 -35.08
7.952 -34.37
7.996 -34.01
8.041 -32.72
8.085 -31.63
8.129 -31.28
8.174 -32.02
8.218 -33.43
8.263 -34.83
8.307 -35.23
8.352 -34.65
8.396 -33.73
8.439 -33.09
8.483 -33.39
8.527 -34.59
8.571 -36.32
8.615 -37.36
8.658 -37.6
8.702 -37.47
8.746 -37.04
8.79 -36.57
8.834 -35.88
8.877 -35.5
8.921 -34.99
8.964 -34.46
9.007 -33.82
9.05 -33.3
9.093 -32.83
9.136 -32.84
9.179 -33.33
9.223 -34.17
9.266 -34.96
9.309 -35.19
9.352 -34.94
9.395 -34.43
9.438 -34.06
9.48 -33.29
9.523 -33.17
9.565 -32.77
9.608 -32.51
9.65 -32.25
9.693 -33.43
9.735 -34.58
9.778 -35.25
9.82 -35.63
9.863 -35.17
9.905 -34.69
9.947 -34.44
9.989 -34.2
10.031 -33.78
10.073 -33.07
10.115 -32.7
10.157 -32.6
10.198 -33.36
10.24 -34.56
10.282 -35.56
10.324 -36.45
10.366 -36.92
10.408 -36.91
10.449 -36.79
10.491 -36.18
10.532 -35.11
10.573 -33.85
10.614 -32.87
10.656 -32.64
10.697 -32.32
10.738 -32.38
10.78 -32.85
10.821 -33.22
10.862 -33.22
10.904 -33.57
10.944 -34.56
10.985 -35.49
11.026 -35.96
11.066 -36.1
11.107 -35.98
11.148 -35.26
11.189 -34.2
11.229 -32.99
11.27 -32.45
11.311 -32.31
11.351 -32.19
11.392 -32.43
11.432 -32.68
11.473 -33.45
11.513 -34.22
11.553 -34.93
11.593 -35.15
11.633 -34.95
11.673 -33.84
11.714 -33.01
11.754 -32.3
11.794 -32.08
11.834 -32.42
11.874 -33.07
11.914 -35.17
11.954 -36.03
11.994 -36.59
12.033 -36.33
12.073 -36.75
12.113 -36.31
12.153 -35.58
12.192 -33.86
12.232 -32.2
12.272 -30.56
12.312 -29.92
12.352 -28.25
12.391 -28.37
12.431 -30
12.47 -32.56
12.51 -34.62
12.549 -36.04
12.589 -36.53
12.629 -36.05
12.668 -35.51
12.708 -34.65
12.747 -33.68
12.787 -32.37
12.826 -31.03
12.866 -31.13
12.905 -32.32
12.945 -34.12
12.984 -35.87
13.023 -37.47
13.063 -38.34
13.102 -38.45
13.142 -37.53
13.181 -36.3
13.22 -34.64
13.26 -33.07
13.299 -32.01
13.339 -32.59
13.378 -33.26
13.417 -34.23
13.456 -35.38
13.495 -36.1
13.535 -36.12
13.574 -35.95
13.613 -34.9
13.652 -33.89
13.692 -32.88
13.731 -32.49
13.77 -33.06
13.809 -34.85
13.848 -36
13.887 -36.71
13.927 -36.42
13.966 -36.48
14.005 -35.8
14.044 -34.77
14.083 -33.84
14.122 -33.12
14.161 -32.57
14.2 -32.81
14.239 -33.75
14.278 -34.89
14.317 -35.31
14.356 -35.21
14.395 -35.12
14.434 -34.71
14.473 -33.95
14.512 -33
14.551 -32.36
14.589 -31.72
14.628 -31.89
14.667 -32.65
14.706 -33.25
14.745 -34.42
14.784 -34.65
14.822 -34.75
14.861 -33.99
14.9 -32.6
14.939 -31.26
14.978 -30.87
15.016 -30.85
15.055 -31.18
15.094 -31.85
15.133 -32.37
15.171 -32.72
15.21 -33.61
15.249 -33.81
15.287 -33.33
15.326 -32.52
15.364 -31.19
15.403 -30.14
15.442 -29.65
15.48 -29.8
15.519 -30.41
15.557 -30.82
15.596 -31.24
15.635 -31.19
15.673 -32.15
15.711 -32.92
15.75 -33.89
15.788 -34.66
15.827 -34.92
15.865 -34.56
15.904 -33.88
15.942 -33.13
15.981 -32.3
16.019 -32.02
16.058 -31.74
16.096 -30.91
16.134 -30.01
16.173 -29.47
16.211 -29.62
16.249 -30.16
16.287 -31.39
16.326 -32.82
16.364 -34.27
16.402 -35.44
16.441 -35.92
16.479 -35.85
16.517 -35.18
16.556 -34.2
16.594 -32.76
16.632 -32.26
16.67 -32.29
16.708 -32.65
16.746 -33.43
16.784 -34.28
16.823 -34.94
16.861 -35.56
16.899 -36.29
16.937 -37.11
16.975 -37.64
17.013 -37.81
17.051 -37.31
17.089 -36.08
17.127 -34.63
17.165 -33.11
17.203 -32.57
17.241 -33.55
17.279 -35.05
17.317 -36.22
17.355 -36.95
17.393 -36.49
17.431 -35.57
17.469 -34.7
17.507 -33.98
17.545 -33.18
17.583 -32.28
17.621 -31.34
17.658 -30.77
17.696 -30.73
17.734 -31.11
17.772 -31.92
17.81 -32.77
17.848 -33.62
17.885 -33.92
17.923 -33.67
17.961 -33.33
17.999 -32.66
18.036 -32.05
18.074 -31.38
18.112 -30.81
18.149 -30.45
18.187 -30.31
18.225 -31.04
18.263 -32.08
18.3 -33.53
18.338 -35
18.376 -36.45
18.413 -38.17
18.451 -38.69
18.488 -38.46
18.526 -37.63
18.563 -36.53
18.601 -35.19
18.638 -34.06
18.676 -33.48
18.714 -33.32
18.751 -33.65
18.789 -34.06
18.826 -34.29
18.864 -34.36
18.901 -33.99
18.938 -33.61
18.976 -32.93
19.013 -32.61
19.051 -32.34
19.088 -31.92
19.125 -31.73
19.163 -31.27
19.2 -30.6
19.238 -30.53
19.275 -30.53
19.312 -32.06
19.35 -33.16
19.387 -34.18
19.424 -35.12
19.461 -36.1
19.499 -36.55
19.536 -36.62
19.573 -36.23
19.61 -35.32
19.648 -34.22
19.685 -33.35
19.722 -32.65
19.759 -32.28
19.796 -32.57
19.834 -32.81
19.871 -33.19
19.908 -33.55
19.945 -33.83
19.982 -33.88
20.019 -34.37